RMSE: 1.1490765426471634
MAE: 0.9118837231100906
R2 Score: 0.34309606922290625
